1, 0, 2, 2, 1, 4, 6, 9, 7, 14, 19, 20, 35, 25, 55, 57, 64, 98, 115, 143, 186, 165, 182, 228, 254, 265, 298, 299, 382, 469, 506, 565, 639, 696, 727, 930, 966, 1172, 1196, 1395, 1576, 1622, 1701, 1827, 1842, 1844, 2021, 2061, 2064, 2034, 2044, 2093, 2034, 2199, 2052, 2191, 2257, 2387, 2595, 2588, 2619, 2718, 2922, 2905, 2952, 3027, 2963, 2870, 2760, 2668, 2478, 2321, 2190, 2025, 1759, 1517, 1267, 949, 895, 763, 565, 436, 333, 274, 185, 135, 92, 64, 42, 29, 23, 15, 7, 1, 2, 0, 0, 0, 0
405, 2224, 6054, 9950, 15479, 13712, 17313, 10614, 11593, 5574, 4373, 1494, 909, 199, 85, 14, 7, 1, 0
60220, 36402, 3355, 23
61768, 0, 0, 2900, 47, 0, 3089, 0, 77, 2691, 238, 0, 2755, 1, 208, 2854, 60, 3, 3071, 3, 80, 2865, 212, 1, 2971, 32, 205, 2888, 64, 1324, 6423, 10, 86, 288, 212, 61, 334, 195, 35, 463, 212, 28, 214, 6, 54, 184, 10, 56, 163, 5, 25, 123, 6, 29, 120, 5, 14, 102, 8, 28, 63, 2, 1, 6, 6, 1, 3, 5, 1, 1, 3, 0, 0, 0, 0, 0, 1, 0, 1, 0, 0, 0, 0, 0, 0, 0, 0, 0, 0, 0, 0, 0, 0, 0, 0, 0, 0, 0, 0, 0, 0
5797, 16192, 23931, 24215, 18300, 8895, 2318, 322, 29, 1, 0, 0, 0, 0, 0, 0, 0, 0, 0, 0, 0, 0, 0, 0, 0, 0, 0, 0, 0, 0, 0, 0, 0, 0, 0, 0, 0, 0, 0, 0, 0, 0, 0, 0, 0, 0, 0, 0, 0, 0, 0
6900, 815, 882, 896, 993, 844, 1159, 900, 1220, 1183, 1336, 1161, 1483, 1245, 1523, 1543, 1669, 1489, 1835, 1619, 5295, 1873, 1467, 1672, 1459, 1616, 1542, 1864, 1491, 1748, 1578, 1745, 1486, 1865, 1512, 1734, 1602, 1703, 1477, 1786, 2817, 1384, 1228, 1239, 1159, 1315, 1073, 1209, 1069, 1117, 991, 1139, 924, 979, 929, 856, 795, 906, 704, 797, 1024, 559, 563, 497, 463, 505, 468, 437, 404, 351, 380, 361, 277, 318, 278, 264, 264, 227, 207, 186, 306, 149, 138, 107, 94, 117, 88, 104, 110, 90, 79, 77, 67, 72, 39, 57, 31, 47, 36, 31, 47, 14, 26, 24, 21, 23, 15, 13, 9, 15, 13, 13, 5, 6, 5, 5, 8, 2, 4, 4, 2, 2, 0, 1, 3, 2, 0, 0, 1, 1, 0, 0, 0, 0, 2, 0, 1, 0, 0, 1, 0, 0, 0, 0, 0, 0, 0, 0, 0, 0, 0, 0, 0, 0, 0, 0, 0, 0, 0, 0, 0, 0, 0, 0, 0, 0, 0, 0, 0, 0, 0, 0, 0, 0, 0, 0, 0, 0, 0, 0, 0, 0, 0, 0, 0, 0, 0, 0, 0, 0, 0, 0, 0, 0, 0, 0, 0, 0, 0, 0, 0, 0, 0, 0, 0, 0, 0, 0, 0, 0, 0, 0, 0, 0, 0, 0, 0, 0, 0, 0, 0, 0, 0, 0, 0, 0, 0, 0, 0, 0, 0, 0, 0, 0, 0, 0, 0, 0, 0, 0, 0, 0, 0, 0, 0, 0, 0, 0, 0, 0, 0
1, 3724, 28922, 46797, 19240, 1316
81, 674, 2922, 10463, 23923, 26621, 21096, 12221, 1972, 6, 21
5349, 17198, 27156, 24419, 16170, 7194, 1937, 551, 26, 0, 0
5349, 0, 13, 149, 847, 1530, 1907, 1998, 2151, 2510, 7166, 1092, 1095, 2073, 2569, 3940, 3521, 3946, 3495, 3997, 4583, 2253, 2109, 2857, 2957, 3495, 2813, 3180, 2397, 2631, 2017, 1944, 1731, 1820, 1823, 1645, 1286, 1337, 1022, 919, 904, 733, 657, 610, 663, 378, 301, 302, 197, 181, 230, 113, 101, 98, 125, 76, 42, 30, 29, 21, 24, 3, 3, 1, 3, 8, 0, 0, 0, 0, 0, 0, 0, 0, 0, 0, 0, 0, 0, 0, 0, 0, 0, 0, 0, 0, 0, 0, 0, 0, 0, 0, 0, 0, 0, 0, 0, 0, 0, 0, 0
